16 89
46 80
11 8
1 55
60 20
59 87
60 62
68 46
1 32
7 19
12 95
88 83
16 65
84 23
3 38
71 21
76 60
69 55
75 26
94 9
79 69
96 90
64 9
24 62
37 70
87 38
50 5
18 44
76 75
42 79
3 18
30 25
23 5
25 53
91 38
3 57
40 15
50 13
83 35
94 58
68 2
83 6
84 50
83 32
73 29
90 30
34 61
16 33
85 70
21 36
73 20
45 82
81 20
93 31
96 24
15 25
52 33
60 17
36 51
56 39
27 44
15 88
53 85
62 79
98 45
7 19
7 49
46 31
68 53
76 5
20 56
24 91
76 88
45 77
53 89
97 44
26 40
80 71
31 45
58 56
87 47
6 36
52 10
57 60
16 18
21 14
38 45
72 96
57 28
4 12
80 71
97 54
19 87
17 49
18 14
12 7
57 38
62 34
49 37
53 73
22 95
85 94
32 14
62 49
29 25
69 11
35 98
39 92
48 34
89 4
88 14
43 32
42 39
70 59
65 98
73 18
60 74
77 80
79 56
53 49
27 82
62 71
8 87
51 89
87 97
53 60
62 18
53 36
31 84
56 35
27 2
6 83
33 97
20 6
71 61
98 32
49 100
88 88
23 33
37 15
14 35
15 6
57 41
100 84
15 20
88 89
69 97
88 83
25 51
93 60
8 25
3 38
36 76
49 19
83 51
72 31
16 72
96 50
62 90
84 42
54 92
77 86
45 78
91 37
15 66
8 21
53 76
81 87
8 58
19 8
47 79
97 70
82 33
90 10
47 75
53 28
18 81
10 83
25 75
35 47
91 52
58 93
7 75
28 60
3 46
60 47
77 35
34 29
71 65
4 94
67 56
98 61
86 49
29 48
27 64
14 9
43 3
98 23
65 57
86 58
41 86
44 24
13 24
61 98
72 31
35 74
52 46
57 21
42 51
91 10
24 98
69 22
72 62
18 78
67 39
1 18
48 55
13 83
51 12
97 77
5 7
6 11
25 51
80 12
86 88
71 44
70 39
25 61
85 27
44 16
94 2
56 29
89 7
72 8
40 81
4 40
47 52
28 1
58 4
18 54
19 96
38 31
34 11
84 77
95 39
89 92
33 2
54 74
73 32
55 7
39 15
83 53
14 59
3 23
83 64
76 20
66 1
80 19
64 39
81 4
99 60
96 60
87 57
10 62
12 2
20 23
75 5
20 25
87 13
77 12
83 1
74 30
61 11
52 83
8 22
94 75
29 8
73 42
74 68
11 92
60 100
4 85
19 44
40 89
91 13
27 42
38 5
66 74
22 18
33 38
37 89
27 100
35 75
89 37
91 1
93 88
16 94
31 20
24 50
77 4
48 89
63 95
42 73
64 47
68 56
42 36
24 75
35 95
76 25
95 82
62 81
4 83
3 65
76 28
21 27
7 40
25 68
52 36
12 10
99 72
84 81
64 11
56 95
89 21
46 92
16 58
100 56
91 67
9 31
87 29
26 99
82 81
69 42
53 52
99 88
21 85
86 40
73 39
39 56
25 18
75 79
60 88
72 19
29 39
92 43
76 63
62 97
20 9
87 31
49 97
17 98
85 84
30 30
65 17
18 44
78 37
20 45
89 32
38 87
21 89
8 81
25 25
29 94
33 9
46 8
34 39
30 83
75 27
10 55
72 97
57 64
46 49
6 26
64 37
89 31
94 9
52 35
17 57
34 59
18 76
52 56
26 72
43 79
86 60
46 81
16 49
44 28
90 59
87 19
77 61
25 63
71 18
79 26
64 50
46 56
83 81
31 74
95 58
77 11
8 56
26 2
59 30
9 48
1 14
36 56
37 38
90 63
37 85
23 99
24 31
15 37
16 88
71 60
43 28
41 53
55 64
38 15
2 96
58 29
70 30
47 62
63 97
63 3
25 6
20 69
44 69
91 75
31 12
50 62
24 26
96 69
44 52
87 22
13 59
37 14
57 83
17 99
81 78
38 71
28 22
18 65
31 100
98 26
87 38
3 99
19 16
4 62
10 34
23 37
10 30
2 87
60 75
18 84
36 28
44 11
82 64
43 23
21 70
76 29
98 79
89 65
1 46
19 72
95 78
54 16
68 25
9 29
64 51
5 76
33 65
48 38
65 38
23 58
71 5
64 81
12 45
50 3
58 59
19 13
60 88
77 29
28 88
1 39
84 24
82 43
56 81
96 48
70 96
44 18
59 33
33 28
13 53
91 89
11 44
75 35
80 12
92 77
46 21
44 59
3 20
46 13
76 49
95 30
25 28
5 10
76 100
96 98
63 51
1 3
62 17
23 43
77 9
60 84
45 72
19 24
27 51
25 58
68 17
96 10
16 53
84 49
21 88
22 83
6 56
71 7
60 17
97 6
27 7
34 2
98 48
17 53
75 76
51 13
5 57
40 2
96 61
54 66
13 97
12 41
19 12
87 43
87 31
90 47
9 35
68 15
23 21
90 36
22 46
24 31
64 86
26 48
40 70
71 92
71 1
55 28
89 52
8 12
65 1
67 23
17 18
53 13
50 88
59 65
48 69
58 84
87 75
55 15
42 83
68 87
1 96
57 56
77 94
71 82
69 34
49 94
39 14
11 35
11 65
49 29
1 46
63 84
84 23
9 34
72 35
92 24
75 11
90 74
24 66
12 11
12 98
70 55
71 34
21 12
69 23
93 50
25 82
27 63
38 72
2 98
68 63
30 81
33 56
16 80
12 31
11 68
36 23
28 22
19 77
79 59
11 69
95 19
99 49
86 46
41 40
70 99
77 83
68 43
46 67
18 76
92 20
1 69
2 23
86 50
45 72
25 97
45 71
10 22
57 7
4 97
38 88
95 59
48 46
56 24
98 53
25 29
34 4
45 95
87 55
36 80
37 86
12 58
74 25
53 99
41 21
74 62
41 21
96 82
15 45
65 7
17 1
91 49
44 48
54 1
24 88
56 18
71 90
73 32
92 90
9 25
10 52
65 13
9 54
60 88
54 74
19 48
29 96
44 45
32 98
78 88
20 93
31 94
52 96
74 48
6 8
12 63
29 50
1 54
29 30
46 28
53 77
11 65
81 72
82 17
66 100
24 75
60 42
44 35
94 87
10 66
98 9
61 99
17 79
80 15
21 37
25 54
23 63
32 84
6 85
58 20
64 30
17 69
86 7
31 18
53 29
77 77
37 29
15 63
47 95
40 17
82 34
55 29
43 29
78 74
19 17
88 76
14 29
88 83
84 18
40 13
8 55
69 58
22 74
8 87
44 17
2 18
13 70
59 17
49 18
39 35
50 10
73 80
80 56
79 68
12 69
55 88
26 84
5 82
39 60
41 7
31 83
82 91
76 36
93 100
85 31
2 82
82 94
48 46
56 17
21 93
88 45
15 13
34 65
14 13
95 12
97 14
8 24
37 54
31 96
97 68
34 63
50 6
20 38
89 59
87 70
33 11
66 32
78 53
22 34
86 88
32 37
82 65
48 61
41 76
87 98
80 2
68 71
53 60
76 56
86 68
48 68
15 19
25 35
27 49
45 26
4 27
40 5
62 67
76 59
81 73
47 37
54 2
73 87
14 23
31 57
33 10
28 75
10 47
56 78
49 55
44 60
80 70
29 86
64 50
47 74
16 66
22 62
23 90
97 23
16 77
72 68
53 62
63 53
38 58
59 93
9 52
86 100
81 49
78 98
31 74
58 40
19 45
73 48
73 87
68 73
83 96
57 7
41 40
5 58
54 84
25 18
17 33
61 91
86 51
22 29
9 16
24 61
6 56
26 2
41 80
96 50
76 28
22 20
30 25
94 7
65 61
29 48
8 76
97 6
40 36
26 2
97 57
100 93
92 92
88 28
32 48
6 43
44 97
29 75
86 99
66 77
77 72
95 1
70 29
42 10
39 20
73 22
62 96
78 67
90 49
98 70
81 20
36 23
22 83
69 43
75 29
65 22
91 51
67 66
36 21
88 2
52 61
96 87
46 78
18 87
82 56
66 60
49 50
11 21
29 13
78 94
21 41
52 28
3 49
22 10
30 20
72 16
68 19
32 46
49 97
33 20
73 83
86 61
9 66
1 83
12 42
44 38
81 6
72 35
83 6
17 13
33 68
27 36
64 31
75 85
10 54
86 83
86 96
89 35
24 44
45 98
55 48
12 7
12 31
18 92
90 8
22 57
24 72
99 96
15 9
56 95
24 40
98 100
27 94
53 39
62 37
88 38
75 94
13 57
69 18
17 44
35 84
96 92
66 23
2 55
43 19
1 29
7 10
89 52
41 13
67 59
49 71
18 2
87 33
21 70
57 44
41 21
89 82
16 52
49 7
35 76
91 63
40 10
14 74
80 90
46 48
99 45
23 40
69 1
46 1
14 4
37 18
29 12
50 83
59 76
84 20
31 88
67 14
2 16
91 56
56 79
44 83
1 87
37 75
17 27
11 79
80 69
91 64
46 41
93 98
85 34
16 93
6 29
31 9
7 39
49 77
49 83
53 100
84 12
1 45
74 86
