39 25
51 39
87 40
5 12
3 97
37 15
55 15
43 63
43 19
32 33
46 32
28 67
15 42
74 50
63 87
37 75
87 57
12 44
30 22
96 36
61 62
62 71
4 49
71 50
82 5
90 45
79 58
93 48
26 16
35 79
80 37
52 11
8 87
56 30
95 57
32 63
89 84
82 73
90 35
21 56
73 82
21 90
30 14
98 96
33 80
31 91
62 100
93 11
65 38
100 42
29 46
91 46
25 79
80 80
71 37
29 53
2 76
59 95
64 90
55 80
17 54
4 98
68 31
26 72
93 36
76 7
40 65
68 40
74 48
46 99
95 62
19 18
71 91
63 55
69 76
49 56
19 42
93 33
85 50
38 16
75 82
55 87
83 89
70 79
62 47
13 48
99 47
58 37
37 11
92 17
94 46
61 93
72 71
13 60
16 15
5 68
30 39
90 42
100 51
67 25
