25 4
87 18
76 95
70 63
68 33
68 43
27 76
6 70
13 45
88 27
4 53
45 82
87 88
49 82
97 48
16 45
44 37
11 23
86 90
3 45
17 73
18 34
12 18
1 21
28 29
72 98
86 15
37 29
26 58
3 53
48 30
1 56
29 62
65 77
50 44
90 90
85 15
29 85
70 72
92 6
48 63
84 8
94 94
99 7
55 13
75 64
72 2
10 22
87 12
24 25
64 91
84 17
45 31
4 21
32 29
93 53
10 98
8 57
25 11
25 68
58 97
85 64
97 92
75 93
60 44
96 61
66 28
70 97
73 50
83 27
6 77
84 1
54 71
42 90
57 32
10 85
85 40
1 43
71 3
75 84
14 35
59 87
12 71
100 13
16 88
34 21
79 7
9 54
18 2
43 59
96 42
53 62
5 100
38 57
57 58
7 92
6 77
16 17
69 48
71 34
